b307 0000 e300 0000
9351 6478 8351 0000 b307 0000 e300 0000
9351 6478 8351 0000 b307 0000 e300 0000
9351 6478 8351 0000 b307 0000 e300 0000
9351 6478 8351 0000 b307 0000 e300 0000
9351 6478 8351 0000 b307 0000 e300 0000
9351 6478 8351 0000 b307 0000 e300 0000
9351 6478 8351 0000 b307 0000 e300 0000
9351 6478 8351 0000 b307 0000 e300 0000
9351 6478 8351 0000 b307 0000 e300 0000
9351 6478 8351 0000 b307 0000 e300 0000
9351 6478 8351 0000 b307 0000 e300 0000
9351 6478 8351 0000 b307 0000 e300 0000
9351 6478 8351 0000 b307 0000 e300 0000
9351 6478 8351 0000 b307 0000 e300 0000
9351 6478 8351 0000 b307 0000 e300 0000
9351 6478 8351 0000 b307 0000 e300 0000
9351 6478 8351 0000 b307 0000 e300 0000
9351 6478 8351 0000 b307 0000 e300 0000
9351 6478 8351 0000 b307 0000 e300 0000
9351 6478 8351 0000 