b707 0000 e700 0000
9751 6478 8751 0000 b707 0000 e700 0000
9751 6478 8751 0000 b707 0000 e700 0000
9751 6478 8751 0000 b707 0000 e700 0000
9751 6478 8751 0000 b707 0000 e700 0000
9751 6478 8751 0000 b707 0000 e700 0000
9751 6478 8751 0000 b707 0000 e700 0000
9751 6478 8751 0000 b707 0000 e700 0000
9751 6478 8751 0000 b707 0000 e700 0000
9751 6478 8751 0000 b707 0000 e700 0000
9751 6478 8751 0000 b707 0000 e700 0000
9751 6478 8751 0000 b707 0000 e700 0000
9751 6478 8751 0000 b707 0000 e700 0000
9751 6478 8751 0000 b707 0000 e700 0000
9751 6478 8751 0000 b707 0000 e700 0000
9751 6478 8751 0000 b707 0000 e700 0000
9751 6478 8751 0000 b707 0000 e700 0000
9751 6478 8751 0000 b707 0000 e700 0000
9751 6478 8751 0000 b707 0000 e700 0000
9751 6478 8751 0000 b707 0000 e700 0000
9751 6478 8751 0000 