b607 0000 e600 0000
9651 6478 8651 0000 b607 0000 e600 0000
9651 6478 8651 0000 b607 0000 e600 0000
9651 6478 8651 0000 b607 0000 e600 0000
9651 6478 8651 0000 b607 0000 e600 0000
9651 6478 8651 0000 b607 0000 e600 0000
9651 6478 8651 0000 b607 0000 e600 0000
9651 6478 8651 0000 b607 0000 e600 0000
9651 6478 8651 0000 b607 0000 e600 0000
9651 6478 8651 0000 b607 0000 e600 0000
9651 6478 8651 0000 b607 0000 e600 0000
9651 6478 8651 0000 b607 0000 e600 0000
9651 6478 8651 0000 b607 0000 e600 0000
9651 6478 8651 0000 b607 0000 e600 0000
9651 6478 8651 0000 b607 0000 e600 0000
9651 6478 8651 0000 b607 0000 e600 0000
9651 6478 8651 0000 b607 0000 e600 0000
9651 6478 8651 0000 b607 0000 e600 0000
9651 6478 8651 0000 b607 0000 e600 0000
9651 6478 8651 0000 b607 0000 e600 0000
9651 6478 8651 0000 