bd07 1300 ed69 5200
9d51 6478 8d51 0000 bd07 1300 ed69 5200
9d51 6478 8d51 0000 bd07 1300 ed69 5200
9d51 6478 8d51 0000 bd07 1300 ed69 5200
9d51 6478 8d51 0000 bd07 1400 ed69 5200
9d51 6478 8d51 0000 bd07 1400 ed69 5200
9d51 6478 8d51 0000 bd07 1400 ed69 5200
9d51 6478 8d51 0000 bd07 1400 ed69 5200
9d51 6478 8d51 0000 bd07 1400 ed69 5200
9d51 6478 8d51 0000 bd07 1400 ed69 5200
9d51 6478 8d51 0000 bd07 1400 ed69 5200
9d51 6478 8d51 0000 bd07 1400 ed69 5200
9d51 6478 8d51 0000 bd07 1400 ed69 5200
9d51 6478 8d51 0000 bd07 1300 ed69 5200
9d51 6478 8d51 0000 bd07 1300 ed69 5200
9d51 6478 8d51 0000 bd07 1300 ed69 5200
9d51 6478 8d51 0000 bd07 1300 ed69 5200
9d51 6478 8d51 0000 bd07 1300 ed69 5200
9d51 6478 8d51 0000 bd07 1100 ed69 5200
9d51 6478 8d51 0000 bd07 1100 ed69 5200
9d51 6478 8d51 0000 