b507 0000 e500 0000
9551 6478 8551 0000 b507 0000 e500 0000
9551 6478 8551 0000 b507 0000 e500 0000
9551 6478 8551 0000 b507 0000 e500 0000
9551 6478 8551 0000 b507 0000 e500 0000
9551 6478 8551 0000 b507 0000 e500 0000
9551 6478 8551 0000 b507 0000 e500 0000
9551 6478 8551 0000 b507 0000 e500 0000
9551 6478 8551 0000 b507 0000 e500 0000
9551 6478 8551 0000 b507 0000 e500 0000
9551 6478 8551 0000 b507 0000 e500 0000
9551 6478 8551 0000 b507 0000 e500 0000
9551 6478 8551 0000 b507 0000 e500 0000
9551 6478 8551 0000 b507 0000 e500 0000
9551 6478 8551 0000 b507 0000 e500 0000
9551 6478 8551 0000 b507 0000 e500 0000
9551 6478 8551 0000 b507 0000 e500 0000
9551 6478 8551 0000 b507 0000 e500 0000
9551 6478 8551 0000 b507 0000 e500 0000
9551 6478 8551 0000 b507 0000 e500 0000
9551 6478 8551 0000 