b107 0000 e100 0000
9151 6478 8151 0000 b107 0000 e100 0000
9151 6478 8151 0000 b107 0000 e100 0000
9151 6478 8151 0000 b107 0000 e100 0000
9151 6478 8151 0000 b107 0000 e100 0000
9151 6478 8151 0000 b107 0000 e100 0000
9151 6478 8151 0000 b107 0000 e100 0000
9151 6478 8151 0000 b107 0000 e100 0000
9151 6478 8151 0000 b107 0000 e100 0000
9151 6478 8151 0000 b107 0000 e100 0000
9151 6478 8151 0000 b107 0000 e100 0000
9151 6478 8151 0000 b107 0000 e100 0000
9151 6478 8151 0000 b107 0000 e100 0000
9151 6478 8151 0000 b107 0000 e100 0000
9151 6478 8151 0000 b107 0000 e100 0000
9151 6478 8151 0000 b107 0000 e100 0000
9151 6478 8151 0000 b107 0000 e100 0000
9151 6478 8151 0000 b107 0000 e100 0000
9151 6478 8151 0000 b107 0000 e100 0000
9151 6478 8151 0000 b107 0000 e100 0000
9151 6478 8151 0000 