b407 0000 e400 0000
9451 6478 8451 0000 b407 0000 e400 0000
9451 6478 8451 0000 b407 0000 e400 0000
9451 6478 8451 0000 b407 0000 e400 0000
9451 6478 8451 0000 b407 0000 e400 0000
9451 6478 8451 0000 b407 0000 e400 0000
9451 6478 8451 0000 b407 0000 e400 0000
9451 6478 8451 0000 b407 0000 e400 0000
9451 6478 8451 0000 b407 0000 e400 0000
9451 6478 8451 0000 b407 0000 e400 0000
9451 6478 8451 0000 b407 0000 e400 0000
9451 6478 8451 0000 b407 0000 e400 0000
9451 6478 8451 0000 b407 0000 e400 0000
9451 6478 8451 0000 b407 0000 e400 0000
9451 6478 8451 0000 b407 0000 e400 0000
9451 6478 8451 0000 b407 0000 e400 0000
9451 6478 8451 0000 b407 0000 e400 0000
9451 6478 8451 0000 b407 0000 e400 0000
9451 6478 8451 0000 b407 0000 e400 0000
9451 6478 8451 0000 b407 0000 e400 0000
9451 6478 8451 0000 