b007 0000 e000 0000
9051 6478 8051 0000 b007 0000 e000 0000
9051 6478 8051 0000 b007 0000 e000 0000
9051 6478 8051 0000 b007 0000 e000 0000
9051 6478 8051 0000 b007 0000 e000 0000
9051 6478 8051 0000 b007 0000 e000 0000
9051 6478 8051 0000 b007 0000 e000 0000
9051 6478 8051 0000 b007 0000 e000 0000
9051 6478 8051 0000 b007 0000 e000 0000
9051 6478 8051 0000 b007 0000 e000 0000
9051 6478 8051 0000 b007 0000 e000 0000
9051 6478 8051 0000 b007 0000 e000 0000
9051 6478 8051 0000 b007 0000 e000 0000
9051 6478 8051 0000 b007 0000 e000 0000
9051 6478 8051 0000 b007 0000 e000 0000
9051 6478 8051 0000 b007 0000 e000 0000
9051 6478 8051 0000 b007 0000 e000 0000
9051 6478 8051 0000 b007 0000 e000 0000
9051 6478 8051 0000 b007 0000 e000 0000
9051 6478 8051 0000 b007 0000 e000 0000
9051 6478 8051 0000 