b207 0000 e200 0000
9251 6478 8251 0000 b207 0000 e200 0000
9251 6478 8251 0000 b207 0000 e200 0000
9251 6478 8251 0000 b207 0000 e200 0000
9251 6478 8251 0000 b207 0000 e200 0000
9251 6478 8251 0000 b207 0000 e200 0000
9251 6478 8251 0000 b207 0000 e200 0000
9251 6478 8251 0000 b207 0000 e200 0000
9251 6478 8251 0000 b207 0000 e200 0000
9251 6478 8251 0000 b207 0000 e200 0000
9251 6478 8251 0000 b207 0000 e200 0000
9251 6478 8251 0000 b207 0000 e200 0000
9251 6478 8251 0000 b207 0000 e200 0000
9251 6478 8251 0000 b207 0000 e200 0000
9251 6478 8251 0000 b207 0000 e200 0000
9251 6478 8251 0000 b207 0000 e200 0000
9251 6478 8251 0000 b207 0000 e200 0000
9251 6478 8251 0000 b207 0000 e200 0000
9251 6478 8251 0000 b207 0000 e200 0000
9251 6478 8251 0000 b207 0000 e200 0000
9251 6478 8251 0000 