b807 0000 e800 0000
9851 6478 8851 0000 b807 0000 e800 0000
9851 6478 8851 0000 b807 0000 e800 0000
9851 6478 8851 0000 b807 0000 e800 0000
9851 6478 8851 0000 b807 0000 e800 0000
9851 6478 8851 0000 b807 0000 e800 0000
9851 6478 8851 0000 b807 0000 e800 0000
9851 6478 8851 0000 b807 0000 e800 0000
9851 6478 8851 0000 b807 0000 e800 0000
9851 6478 8851 0000 b807 0000 e800 0000
9851 6478 8851 0000 b807 0000 e800 0000
9851 6478 8851 0000 b807 0000 e800 0000
9851 6478 8851 0000 b807 0000 e800 0000
9851 6478 8851 0000 b807 0000 e800 0000
9851 6478 8851 0000 b807 0000 e800 0000
9851 6478 8851 0000 b807 0000 e800 0000
9851 6478 8851 0000 b807 0000 e800 0000
9851 6478 8851 0000 b807 0000 e800 0000
9851 6478 8851 0000 b807 0000 e800 0000
9851 6478 8851 0000 b807 0000 e800 0000
9851 6478 8851 0000 